<html>
	<head>
		<meta charset="utf-8">
		<meta name="viewport" content="width=device-width, initial-scale=1"> 
		<title>Dallas Toll Calculator</title> 
		<link rel="stylesheet"  href="jquery.mobile-1.2.0.min.css" />  
		<script src="json2.js"></script>
		<script src="jquery.min.js"></script>
		<script src="custom-scripting.js"></script>
		<script src="jquery.mobile-1.2.0.min.js"></script>
		<script src="jstorage.js"></script>
		<script src="jquery.touchToClick.js"></script>
	</head> 
<body> 

<div data-role="page" class="type-interior" data-add-back-btn="true">

	<div data-role="header">
		<h1>End Point</h1>
	</div><!-- /header -->

	<div data-role="content">	
		<ul data-role="listview" data-filter="true">
			<li><a>IH 35E/Oaklawn/Wycliff</a></li>
			<li><a>Mockingbird/Lemmon</a></li>
			<li><a>Lovers/Northwest Hwy.</a></li>
			<li><a>Walnut Hill/Royal</a></li>
			<li><a>Forest/Harvest Hill</a></li>
			<li><a>IH 635</a></li>
			<li><a>Alpha</a></li>
			<li><a>Spring Valley</a></li>
			<li><a>Beltline</a></li>
			<li><a>Arapaho</a></li>
			<li><a>Keller Springs</a></li>
			<li><a>Trinity Mills/Frankford</a></li>
			<li><a>PGBT</a></li>
			<li><a>Plano Parkway</a></li>
			<li><a>Park</a></li>
			<li><a>Parker</a></li>
			<li><a>Windhaven/Spring Creek</a></li>
			<li><a>Legacy</a></li>
			<li><a>Headquarters</a></li>
			<li><a>SRT</a></li>
			<li><a>Gaylord</a></li>
			<li><a>Warren</a></li>
			<li><a>John Hickman</a></li>
			<li><a>Lebanon</a></li>
			<li><a>Stonebrook</a></li>
			<li><a>Cotton Gin/Main</a></li>
			<li><a>Eldorado</a></li>
			<li><a>Panther Creek</a></li>
			<li><a>CR 24/US 380</a></li>		
		</ul>

	<script>
	northTollwayNoTag = [[0.00,1.33,1.33,1.33,1.33,1.33,1.33,1.56,1.64,1.64,1.79,2.28,2.28,2.28,2.51,3.13,3.13,3.13,3.13,3.13,3.36,3.36,3.48,3.48,3.57,3.85,4.62,4.62,4.62],
	[1.33,0.00,0.97,0.97,0.97,0.97,0.97,1.20,1.28,1.28,1.43,1.92,1.92,1.92,2.15,2.77,2.77,2.77,2.77,2.77,3.00,3.00,3.12,3.12,3.21,3.49,4.26,4.26,4.26],
	[1.33,0.97,0.00,0.66,0.66,0.66,0.66,0.89,0.97,0.97,1.12,1.61,1.61,1.61,1.84,2.46,2.46,2.46,2.46,2.46,2.69,2.69,2.81,2.81,2.90,3.18,3.95,3.95,3.95],
	[1.33,0.97,0.66,0.00,0.35,0.35,0.35,0.58,0.66,0.66,0.81,1.30,1.30,1.30,1.53,2.15,2.15,2.15,2.15,2.15,2.38,2.38,2.50,2.50,2.59,2.87,3.64,3.64,3.64],
	[1.33,0.97,0.66,0.35,0.00,0.00,0.00,0.00,0.31,0.31,0.46,0.95,0.95,0.95,1.18,1.80,1.80,1.80,1.80,1.80,2.03,2.03,2.15,2.15,2.24,2.52,3.29,3.29,3.29],
	[1.33,0.97,0.66,0.35,0.00,0.00,0.00,0.23,0.31,0.31,0.46,0.95,0.95,0.95,1.18,1.80,1.80,1.80,1.80,1.80,2.03,2.03,2.15,2.15,2.24,2.52,3.29,3.29,3.29],
	[1.33,0.97,0.66,0.35,0.00,0.00,0.00,0.00,0.31,0.31,0.46,0.95,0.95,0.95,1.18,1.80,1.80,1.80,1.80,1.80,2.03,2.03,2.15,2.15,2.24,2.52,3.29,3.29,3.29],
	[1.56,1.20,0.89,0.58,0.00,0.23,0.00,0.00,0.31,0.31,0.46,0.95,0.95,0.95,1.18,1.80,1.80,1.80,1.80,1.80,2.03,2.03,2.15,2.15,2.24,2.52,3.29,3.29,3.29],
	[1.64,1.28,0.97,0.66,0.31,0.31,0.31,0.31,0.00,0.00,0.46,0.95,0.95,0.95,1.18,1.80,1.80,1.80,1.80,1.80,2.03,2.03,2.15,2.15,2.24,2.52,3.29,3.29,3.29],
	[1.64,1.28,0.97,0.66,0.31,0.31,0.31,0.31,0.00,0.00,0.00,0.95,0.95,0.95,1.18,1.80,1.80,1.80,1.80,1.80,2.03,2.03,2.15,2.15,2.24,2.52,3.29,3.29,3.29],
	[1.79,1.43,1.12,0.81,0.46,0.46,0.46,0.46,0.46,0.00,0.00,0.95,0.95,0.95,1.18,1.80,1.80,1.80,1.80,1.80,2.03,2.03,2.15,2.15,2.24,2.52,3.29,3.29,3.29],
	[2.28,1.92,1.61,1.30,0.95,0.95,0.95,0.95,0.95,0.95,0.95,0.00,0.23,0.23,0.46,1.08,1.08,1.08,1.08,1.08,1.31,1.31,1.43,1.43,1.52,1.80,2.57,2.57,2.57],
	[2.28,1.92,1.61,1.30,0.95,0.95,0.95,0.95,0.95,0.95,0.95,0.23,0.00,0.00,0.23,0.85,0.85,0.85,0.85,0.85,1.08,1.08,1.20,1.20,1.29,1.57,2.34,2.34,2.34],
	[2.28,1.92,1.61,1.30,0.95,0.95,0.95,0.95,0.95,0.95,0.95,0.23,0.00,0.00,0.00,0.85,0.85,0.85,0.85,0.85,1.08,1.08,1.20,1.20,1.29,1.57,2.34,2.34,2.34],
	[2.51,2.15,1.84,1.53,1.18,1.18,1.18,1.18,1.18,1.18,1.18,0.46,0.23,0.00,0.00,0.85,0.85,0.85,0.85,0.85,1.08,1.08,1.20,1.20,1.29,1.57,2.34,2.34,2.34],
	[3.13,2.77,2.46,2.15,1.80,1.80,1.80,1.80,1.80,1.80,1.80,1.08,0.85,0.85,0.85,0.00,0.51,0.51,0.51,0.51,0.74,0.74,0.86,0.86,0.95,1.23,2.00,2.00,2.00],
	[3.13,2.77,2.46,2.15,1.80,1.80,1.80,1.80,1.80,1.80,1.80,1.08,0.85,0.85,0.85,0.51,0.00,0.28,0.28,0.28,0.51,0.51,0.63,0.63,0.72,1.00,1.77,1.77,1.77],
	[3.13,2.77,2.46,2.15,1.80,1.80,1.80,1.80,1.80,1.80,1.80,1.08,0.85,0.85,0.85,0.51,0.28,0.00,0.00,0.00,0.46,0.46,0.58,0.58,0.67,0.95,1.72,1.72,1.72],
	[3.13,2.77,2.46,2.15,1.80,1.80,1.80,1.80,1.80,1.80,1.80,1.08,0.85,0.85,0.85,0.51,0.28,0.00,0.00,0.00,0.46,0.46,0.58,0.58,0.67,0.95,1.72,1.72,1.72],
	[3.13,2.77,2.46,2.15,1.80,1.80,1.80,1.80,1.80,1.80,1.80,1.08,0.85,0.85,0.85,0.51,0.28,0.23,0.00,0.00,0.00,0.00,0.35,0.35,0.44,0.72,1.49,1.49,1.49],
	[3.36,3.00,2.69,2.38,2.03,2.03,2.03,2.03,2.03,2.03,2.03,1.31,1.08,1.08,1.08,0.74,0.51,0.46,0.23,0.23,0.00,0.00,0.00,0.00,0.44,0.72,1.49,1.49,1.49],
	[3.36,3.00,2.69,2.38,2.03,2.03,2.03,2.03,2.03,2.03,2.03,1.31,1.08,1.08,1.08,0.74,0.51,0.46,0.23,0.23,0.00,0.00,0.00,0.00,0.44,0.72,1.49,1.49,1.49],
	[3.48,3.12,2.81,2.50,2.15,2.15,2.15,2.15,2.15,2.15,2.15,1.43,1.20,1.20,1.20,0.86,0.63,0.58,0.35,0.35,0.00,0.00,0.00,0.00,0.44,0.72,1.49,1.49,1.49],
	[3.48,3.12,2.81,2.50,2.15,2.15,2.15,2.15,2.15,2.15,2.15,1.43,1.20,1.20,1.20,0.86,0.63,0.58,0.35,0.35,0.00,0.00,0.00,0.00,0.00,0.72,1.49,1.49,1.49],
	[3.57,3.21,2.90,2.59,2.24,2.24,2.24,2.24,2.24,2.24,2.24,1.52,1.29,1.29,1.29,0.95,0.72,0.67,0.44,0.44,0.44,0.44,0.44,0.00,0.00,0.72,1.49,1.49,1.49],
	[3.85,3.49,3.18,2.87,2.52,2.52,2.52,2.52,2.52,2.52,2.52,1.80,1.57,1.57,1.57,1.23,1.00,0.95,0.72,0.72,0.72,0.72,0.72,0.72,0.72,0.00,1.49,1.49,1.49],
	[4.62,4.26,3.95,3.64,3.29,3.29,3.29,3.29,3.29,3.29,3.29,2.57,2.34,2.34,2.34,2.00,1.77,1.72,1.49,1.49,1.49,1.49,1.49,1.49,1.49,1.49,0.00,0.00,0.54],
	[4.62,4.26,3.95,3.64,3.29,3.29,3.29,3.29,3.29,3.29,3.29,2.57,2.34,2.34,2.34,2.00,1.77,1.72,1.49,1.49,1.49,1.49,1.49,1.49,1.49,1.49,0.00,0.00,0.00],
	[4.62,4.26,3.95,3.64,3.29,3.29,3.29,3.29,3.29,3.29,3.29,2.57,2.34,2.34,2.34,2.00,1.77,1.72,1.49,1.49,1.49,1.49,1.49,1.49,1.49,1.49,0.54,0.00,0.00]];

	northTollwayTag = [[0.00,2.00,2.00,2.00,2.00,2.00,2.00,2.45,2.53,2.53,2.69,3.43,3.43,3.43,3.88,4.71,4.71,4.71,4.71,4.71,5.16,5.16,5.28,5.28,5.37,5.79,6.95,6.95,6.95],
	[2.00,0.00,1.46,1.46,1.46,1.46,1.46,1.91,1.99,1.99,2.15,2.89,2.89,2.89,3.34,4.17,4.17,4.17,4.17,4.17,4.62,4.62,4.74,4.74,4.83,5.25,6.41,6.41,6.41],
	[2.00,1.46,0.00,0.99,0.99,0.99,0.99,1.44,1.52,1.52,1.68,2.42,2.42,2.42,2.87,3.70,3.70,3.70,3.70,3.70,4.15,4.15,4.27,4.27,4.36,4.78,5.94,5.94,5.94],
	[2.00,1.46,0.99,0.00,0.57,0.57,0.57,1.02,1.10,1.10,1.26,2.00,2.00,2.00,2.45,3.28,3.28,3.28,3.28,3.28,3.73,3.73,3.85,3.85,3.94,4.36,5.52,5.52,5.52],
	[2.00,1.46,0.99,0.57,0.00,0.00,0.00,0.00,0.53,0.53,0.69,1.43,1.43,1.43,1.88,2.71,2.71,2.71,2.71,2.71,3.16,3.16,3.28,3.28,3.37,3.79,4.95,4.95,4.95],
	[2.00,1.46,0.99,0.57,0.00,0.00,0.00,0.45,0.53,0.53,0.69,1.43,1.43,1.43,1.88,2.71,2.71,2.71,2.71,2.71,3.16,3.16,3.28,3.28,3.37,3.79,4.95,4.95,4.95],
	[2.00,1.46,0.99,0.57,0.00,0.00,0.00,0.00,0.53,0.53,0.69,1.43,1.43,1.43,1.88,2.71,2.71,2.71,2.71,2.71,3.16,3.16,3.28,3.28,3.37,3.79,4.95,4.95,4.95],
	[2.45,1.91,1.44,1.02,0.00,0.45,0.00,0.00,0.53,0.53,0.69,1.43,1.43,1.43,1.88,2.71,2.71,2.71,2.71,2.71,3.16,3.16,3.28,3.28,3.37,3.79,4.95,4.95,4.95],
	[2.53,1.99,1.52,1.10,0.53,0.53,0.53,0.53,0.00,0.00,0.69,1.43,1.43,1.43,1.88,2.71,2.71,2.71,2.71,2.71,3.16,3.16,3.28,3.28,3.37,3.79,4.95,4.95,4.95],
	[2.53,1.99,1.52,1.10,0.53,0.53,0.53,0.53,0.00,0.00,0.00,1.43,1.43,1.43,1.88,2.71,2.71,2.71,2.71,2.71,3.16,3.16,3.28,3.28,3.37,3.79,4.95,4.95,4.95],
	[2.69,2.15,1.68,1.26,0.69,0.69,0.69,0.69,0.69,0.00,0.00,1.43,1.43,1.43,1.88,2.71,2.71,2.71,2.71,2.71,3.16,3.16,3.28,3.28,3.37,3.79,4.95,4.95,4.95],
	[3.43,2.89,2.42,2.00,1.43,1.43,1.43,1.43,1.43,1.43,1.43,0.00,0.45,0.45,0.90,1.73,1.73,1.73,1.73,1.73,2.18,2.18,2.30,2.30,2.39,2.81,3.97,3.97,3.97],
	[3.43,2.89,2.42,2.00,1.43,1.43,1.43,1.43,1.43,1.43,1.43,0.45,0.00,0.00,0.45,1.28,1.28,1.28,1.28,1.28,1.73,1.73,1.85,1.85,1.94,2.36,3.52,3.52,3.52],
	[3.43,2.89,2.42,2.00,1.43,1.43,1.43,1.43,1.43,1.43,1.43,0.45,0.00,0.00,0.00,1.28,1.28,1.28,1.28,1.28,1.73,1.73,1.85,1.85,1.94,2.36,3.52,3.52,3.52],
	[3.88,3.34,2.87,2.45,1.88,1.88,1.88,1.88,1.88,1.88,1.88,0.90,0.45,0.00,0.00,1.28,1.28,1.28,1.28,1.28,1.73,1.73,1.85,1.85,1.94,2.36,3.52,3.52,3.52],
	[4.71,4.17,3.70,3.28,2.71,2.71,2.71,2.71,2.71,2.71,2.71,1.73,1.28,1.28,1.28,0.00,0.77,0.77,0.77,0.77,1.22,1.22,1.34,1.34,1.43,1.85,3.01,3.01,3.01],
	[4.71,4.17,3.70,3.28,2.71,2.71,2.71,2.71,2.71,2.71,2.71,1.73,1.28,1.28,1.28,0.77,0.00,0.50,0.50,0.50,0.95,0.95,1.07,1.07,1.16,1.58,2.74,2.74,2.74],
	[4.71,4.17,3.70,3.28,2.71,2.71,2.71,2.71,2.71,2.71,2.71,1.73,1.28,1.28,1.28,0.77,0.50,0.00,0.00,0.00,0.90,0.90,1.02,1.02,1.11,1.53,2.69,2.69,2.69],
	[4.71,4.17,3.70,3.28,2.71,2.71,2.71,2.71,2.71,2.71,2.71,1.73,1.28,1.28,1.28,0.77,0.50,0.00,0.00,0.00,0.90,0.90,1.02,1.02,1.11,1.53,2.69,2.69,2.69],
	[4.71,4.17,3.70,3.28,2.71,2.71,2.71,2.71,2.71,2.71,2.71,1.73,1.28,1.28,1.28,0.77,0.50,0.45,0.00,0.00,0.00,0.00,0.57,0.57,0.66,1.08,2.24,2.24,2.24],
	[5.16,4.62,4.15,3.73,3.16,3.16,3.16,3.16,3.16,3.16,3.16,2.18,1.73,1.73,1.73,1.22,0.95,0.90,0.45,0.45,0.00,0.00,0.00,0.00,0.66,1.08,2.24,2.24,2.24],
	[5.16,4.62,4.15,3.73,3.16,3.16,3.16,3.16,3.16,3.16,3.16,2.18,1.73,1.73,1.73,1.22,0.95,0.90,0.45,0.45,0.00,0.00,0.00,0.00,0.66,1.08,2.24,2.24,2.24],
	[5.28,4.74,4.27,3.85,3.28,3.28,3.28,3.28,3.28,3.28,3.28,2.30,1.85,1.85,1.85,1.34,1.07,1.02,0.57,0.57,0.00,0.00,0.00,0.00,0.66,1.08,2.24,2.24,2.24],
	[5.28,4.74,4.27,3.85,3.28,3.28,3.28,3.28,3.28,3.28,3.28,2.30,1.85,1.85,1.85,1.34,1.07,1.02,0.57,0.57,0.00,0.00,0.00,0.00,0.00,1.08,2.24,2.24,2.24],
	[5.37,4.83,4.36,3.94,3.37,3.37,3.37,3.37,3.37,3.37,3.37,2.39,1.94,1.94,1.94,1.43,1.16,1.11,0.66,0.66,0.66,0.66,0.66,0.00,0.00,1.08,2.24,2.24,2.24],
	[5.79,5.25,4.78,4.36,3.79,3.79,3.79,3.79,3.79,3.79,3.79,2.81,2.36,2.36,2.36,1.85,1.58,1.53,1.08,1.08,1.08,1.08,1.08,1.08,1.08,0.00,2.24,2.24,2.24],
	[6.95,6.41,5.94,5.52,4.95,4.95,4.95,4.95,4.95,4.95,4.95,3.97,3.52,3.52,3.52,3.01,2.74,2.69,2.24,2.24,2.24,2.24,2.24,2.24,2.24,2.24,0.00,0.00,0.81],
	[6.95,6.41,5.94,5.52,4.95,4.95,4.95,4.95,4.95,4.95,4.95,3.97,3.52,3.52,3.52,3.01,2.74,2.69,2.24,2.24,2.24,2.24,2.24,2.24,2.24,2.24,0.00,0.00,0.00],
	[6.95,6.41,5.94,5.52,4.95,4.95,4.95,4.95,4.95,4.95,4.95,3.97,3.52,3.52,3.52,3.01,2.74,2.69,2.24,2.24,2.24,2.24,2.24,2.24,2.24,2.24,0.81,0.00,0.00]];

	exits = ["IH 35E/Oaklawn/Wycliff",
	"Mockingbird/Lemmon",
	"Lovers/Northwest Hwy.",
	"Walnut Hill/Royal",
	"Forest/Harvest Hill",
	"IH 635",
	"Alpha",
	"Spring Valley",
	"Beltline",
	"Arapaho",
	"Keller Springs",
	"Trinity Mills/Frankford",
	"PGBT",
	"Plano Parkway",
	"Park",
	"Parker",
	"Windhaven/Spring Creek",
	"Legacy",
	"Headquarters",
	"SRT",
	"Gaylord",
	"Warren",
	"John Hickman",
	"Lebanon",
	"Stonebrook",
	"Cotton Gin/Main",
	"Eldorado",
	"Panther Creek",
	"CR 24/US 380"];

	$("li").click(function() {
		var layer3 = $(this).text().trim();

		if ($.jStorage.get("tollTag") == "Yes")
		{
			var rates = northTollwayTag;
		}
		else if ($.jStorage.get("tollTag") == "No")
		{
			var rates = northTollwayNoTag;
		}
		else 
		{
			window.location.replace("index.html");
		}
		
		var formatRate = rates[($.inArray($.jStorage.get("layer2"), exits))][($.inArray(layer3, exits))];
		var finalRate = formatRate.toFixed(2);		

		$("#result").html("<h2>Cost of Trip: $" + finalRate + "</h2>");
		$("#popupDialog").popup("open");		
	});
	</script>

	</div><!--/content-->
	
	<div data-role="footer" class="footer-docs" data-theme="a">
	</div>


	<div data-role="popup" id="popupDialog" class="ui-corner-all">
		<div data-role="content"  class="ui-corner-bottom ui-content">
			<p id="result"></p>
			<center><a href="layer1.html" data-role="button" data-inline="true" data-theme="c">Back</a><center>   
		</div>
	</div>

	</div><!-- /page -->
</body>
</html>